每幅图像的标定误差：
第1幅图像的平均误差：0.081347像素
第2幅图像的平均误差：0.0883772像素
第3幅图像的平均误差：0.0937051像素
第4幅图像的平均误差：0.0871648像素
第5幅图像的平均误差：0.0714304像素
第6幅图像的平均误差：0.0866472像素
第7幅图像的平均误差：0.0740333像素
第8幅图像的平均误差：0.102883像素
第9幅图像的平均误差：0.0741173像素
第10幅图像的平均误差：0.0874774像素
第11幅图像的平均误差：0.0944801像素
总体平均误差：0.0856058像素

相机内参数矩阵：
[1095.154201626548, 0, 649.3111141728516;
 0, 1095.71956079667, 294.9476776626901;
 0, 0, 1]

畸变系数：
[-0.4476189309852229, 0.1477462727145186, 0.0163895121707696, -0.002457773395880612, 0.02685563503969019]


第1幅图像的旋转向量：
[48.40062124625525;
 11.33777086719727;
 80.75293025534528]
第1幅图像的旋转矩阵：
[0.8792951201331326, -0.4563234991601838, 0.1364146466632728;
 0.476245785073628, 0.8391046666406302, -0.2628560644564257;
 0.005481232494946156, 0.2960949552696273, 0.9551427817631319]
第1幅图像的平移向量：
[0.02941464687113448;
 3.439522375869022;
 -0.342034361271403]

第2幅图像的旋转向量：
[19.1497529900576;
 11.59103448139847;
 88.35214429594585]
第2幅图像的旋转矩阵：
[-0.9110406482163664, 0.08973632863374251, 0.4024330113457889;
 0.01710517433395753, -0.9669633029052711, 0.2543410777785096;
 0.411961588389631, 0.2385987471841918, 0.8794079187348871]
第2幅图像的平移向量：
[0.01485145972227756;
 3.200420480888728;
 -0.3394554422890028]

第3幅图像的旋转向量：
[0.7726788070026924;
 11.99957266854027;
 87.3983808891371]
第3幅图像的旋转矩阵：
[0.9671391362613962, -0.2518453827955978, 0.03486824165482347;
 0.2519236818430017, 0.9677446008943523, 0.002201355604320178;
 -0.03429795384897422, 0.006655118659308261, 0.9993894935196208]
第3幅图像的平移向量：
[-0.02065326567364315;
 -3.205611036025243;
 0.3105809736020237]

第4幅图像的旋转向量：
[-25.32693380091834;
 0.6343054312298368;
 86.80906913688604]
第4幅图像的旋转矩阵：
[-0.6406174532088355, -0.6039049181618138, -0.4742447980359918;
 0.5969102843480493, -0.7801728646665433, 0.1871587926802547;
 -0.4830190380137791, -0.1631844081337818, 0.8602694100444761]
第4幅图像的平移向量：
[-0.04446022742513571;
 -3.46681015272274;
 0.1312665184469647]

第5幅图像的旋转向量：
[0.7297701796824178;
 -2.283177579458644;
 88.80441808252522]
第5幅图像的旋转矩阵：
[0.6431929125148639, -0.7655209534809559, -0.0167495394639631;
 0.765370281274899, 0.6434045313495341, -0.0154577352826433;
 0.02260994984135702, -0.002877293953431341, 0.999740221931516]
第5幅图像的平移向量：
[-0.04160180859708898;
 -3.242936645547059;
 0.1243521062356901]

第6幅图像的旋转向量：
[22.70923068070712;
 -1.86590902868755;
 84.98647322197732]
第6幅图像的旋转矩阵：
[0.9997439394272861, -0.02262459125859644, -0.0004283092250541182;
 0.02262158824923688, 0.9997257885873023, -0.006050733722335906;
 0.0005650871550588952, 0.006039495333061103, 0.999981602417079]
第6幅图像的平移向量：
[0.03643005363481144;
 3.219544666534355;
 -0.1491654156815595]

第7幅图像的旋转向量：
[43.43760335405215;
 -2.681777949340581;
 74.52259480121683]
第7幅图像的旋转矩阵：
[0.1831743466678361, 0.8425995293575774, 0.5064318234957207;
 -0.8768218969199237, -0.09292447341046174, 0.4717503612326495;
 0.4445565428655373, -0.53046307634724, 0.7217883379687319]
第7幅图像的平移向量：
[0.002305641691835191;
 3.420774351283183;
 -0.1916043474120415]

第8幅图像的旋转向量：
[22.59872368871725;
 -2.569679197490792;
 81.28039398538702]
第8幅图像的旋转矩阵：
[-0.775808901660088, -0.4085758836525947, 0.4808183600929455;
 0.3773881669139427, -0.9111739844363764, -0.1653485456835713;
 0.5056666091193902, 0.05317628591618034, 0.8610885918637287]
第8幅图像的平移向量：
[3.156957048626017;
 0.02563711465388814;
 -0.5093386457229395]

第9幅图像的旋转向量：
[-3.400562450319527;
 -3.349888654575432;
 91.01093181923439]
第9幅图像的旋转矩阵：
[-0.9967709332318614, 0.03253638717115343, -0.07341042278813614;
 -0.0270515433597812, -0.9968532843262143, -0.0745100230163272;
 -0.07560370801712024, -0.07228355994199881, 0.9945145380014182]
第9幅图像的平移向量：
[3.197414349724677;
 -0.004530158631426844;
 -0.1378214016884062]

第10幅图像的旋转向量：
[-2.698743597588428;
 -19.19059234734218;
 87.98867183348278]
第10幅图像的旋转矩阵：
[-0.5316386137268055, -0.8165212011929286, -0.2250633519636142;
 0.8360826123116083, -0.4634640904718201, -0.293541993986083;
 0.1353744798137282, -0.3442298139987089, 0.9290745854717892]
第10幅图像的平移向量：
[-0.05684919071325811;
 -3.250815071878792;
 -0.1117054417766979]

第11幅图像的旋转向量：
[-25.55075043863954;
 -19.09275566884218;
 84.08300105030114]
第11幅图像的旋转矩阵：
[-0.2723136030842273, -0.7798033787371166, -0.5636949459463542;
 0.9467761239832226, -0.3216536207603242, -0.01240642200955283;
 -0.1716399505668522, -0.5370713535108262, 0.8258898768040797]
第11幅图像的平移向量：
[-0.04069226949657723;
 -3.49447966482359;
 -0.1439039699975625]


