每幅图像的标定误差：
第1幅图像的平均误差：0.0962161像素
第2幅图像的平均误差：0.107172像素
第3幅图像的平均误差：0.0713538像素
第4幅图像的平均误差：0.0844882像素
第5幅图像的平均误差：0.0997512像素
第6幅图像的平均误差：0.0913032像素
第7幅图像的平均误差：0.107875像素
第8幅图像的平均误差：0.104753像素
第9幅图像的平均误差：0.110063像素
第10幅图像的平均误差：0.102494像素
第11幅图像的平均误差：0.0946204像素
总体平均误差：0.097281像素

相机内参数矩阵：
[1000.59337078328, 0, 642.4817671836857;
 0, 994.858307529619, 327.5689858811159;
 0, 0, 1]

畸变系数：
[-0.4155712980423011, 0.1846164807857121, 0.009018604351420368, -0.0008518369657231757, -0.0497116545850818]


第1幅图像的旋转向量：
[46.89546761707928;
 7.580552127260663;
 69.77489711739513]
第1幅图像的旋转矩阵：
[-0.3247987626441357, -0.2355442325965228, 0.9159829028291706;
 0.4267571024371303, -0.9007929885632745, -0.08031417854095937;
 0.8440285180634024, 0.3648162636804445, 0.3930966222825342]
第1幅图像的平移向量：
[0.04025537849468695;
 3.400989953149162;
 -0.1858191565905038]

第2幅图像的旋转向量：
[19.35190581489188;
 6.86692485511181;
 76.3864088890637]
第2幅图像的旋转矩阵：
[-0.7374616719536965, 0.5509518914000241, 0.3906434381401979;
 -0.4724457864672268, -0.8341532395698621, 0.2845757399436358;
 0.4826440316098626, 0.02530585461588669, 0.8754509423568732]
第2幅图像的平移向量：
[0.02093261894973713;
 3.150400785036867;
 -0.1685620537979545]

第3幅图像的旋转向量：
[-43.35664451323287;
 22.8847706180294;
 68.24457706938861]
第3幅图像的旋转矩阵：
[-0.24802031059423, -0.8183394042634613, -0.5184655677694175;
 0.340329001699156, -0.5746775777726905, 0.7442592641061103;
 -0.9070072194504281, 0.008142544751878422, 0.4210363438347883]
第3幅图像的平移向量：
[-3.239240926021903;
 -0.06050389022841773;
 -0.4065212802751665]

第4幅图像的旋转向量：
[-46.4097491212179;
 9.784504448174607;
 70.93644931347048]
第4幅图像的旋转矩阵：
[-0.3190753763016742, 0.2884117329207649, -0.9027788082091792;
 -0.5220390759049149, -0.8485169733977573, -0.08656875350986587;
 -0.7909905862058582, 0.4436638571819333, 0.4213030671193376]
第4幅图像的平移向量：
[-3.122548267214163;
 -0.08223454894425933;
 -0.4379203409905628]

第5幅图像的旋转向量：
[-17.7668266051386;
 14.64668178296415;
 79.21078921647667]
第5幅图像的旋转矩阵：
[0.705149053853014, -0.7061254385665849, 0.06443350727181699;
 0.6824764668236154, 0.7005535413710985, 0.2084480940291065;
 -0.1923296235169034, -0.1030126238941652, 0.9759086613184071]
第5幅图像的平移向量：
[-3.194932752011331;
 -0.02853970277908008;
 -0.07147560292236949]

第6幅图像的旋转向量：
[37.81781284118869;
 -2.790722617487184;
 77.49272915310114]
第6幅图像的旋转矩阵：
[0.09511426428611409, 0.8758370291347448, 0.47314139020565;
 -0.9076022608560876, -0.1189431819124753, 0.4026296754655002;
 0.4089149212467422, -0.4677200208168983, 0.783598474544719]
第6幅图像的平移向量：
[0.02062330948290481;
 3.295348020279534;
 -0.09561631516093755]

第7幅图像的旋转向量：
[46.48725666770232;
 -4.282208070846568;
 73.80054295299827]
第7幅图像的旋转矩阵：
[0.8590051060214917, 0.4982483033960376, 0.1177236424511907;
 -0.508520332166615, 0.8037221143597439, 0.3089301452792497;
 0.05930682593227606, -0.3252374379619801, 0.9437707928018148]
第7幅图像的平移向量：
[0.01214532893340731;
 3.348931553834197;
 -0.07699400940324902]

第8幅图像的旋转向量：
[27.11656897744005;
 -8.065358482285665;
 79.08609654417954]
第8幅图像的旋转矩阵：
[-0.5008798555215506, -0.7462075638604262, 0.4385129895113697;
 0.6423254980283879, -0.6600620079895955, -0.3895331824008406;
 0.5801183714685254, 0.08655875025802501, 0.8099199082862916]
第8幅图像的平移向量：
[3.246936104673308;
 0.03547529979293332;
 -0.4078035525261175]

第9幅图像的旋转向量：
[26.93302547726942;
 -22.20643677988735;
 80.1135617746603]
第9幅图像的旋转矩阵：
[0.8537770947605406, 0.486986200586527, 0.184144271973227;
 -0.512293694295452, 0.8488631153329695, 0.1303325830800714;
 -0.09284311093112324, -0.205610923507251, 0.9742198442277423]
第9幅图像的平移向量：
[0.02810837499106135;
 3.193541652752685;
 0.1887824637426348]

第10幅图像的旋转向量：
[-25.92523829023228;
 -7.886707351425605;
 79.64318954485329]
第10幅图像的旋转矩阵：
[-0.5995779608887517, -0.5559052983057662, -0.5757391493828292;
 0.6580271386687804, -0.7518925425380469, 0.04071718618776612;
 -0.4555288724020294, -0.3544388576203922, 0.8166189702773794]
第10幅图像的平移向量：
[3.247690784957267;
 0.02756891668616168;
 0.2076059434336924]

第11幅图像的旋转向量：
[-22.44257780631403;
 -21.26922444568351;
 77.45841425864896]
第11幅图像的旋转矩阵：
[-0.06580822010187971, -0.8395208652904654, -0.5393273541263882;
 0.9972190109462372, -0.07428048900891837, -0.006054185329523454;
 -0.03497888469392374, -0.5382259058188708, 0.8420744337236613]
第11幅图像的平移向量：
[-0.009299395381391977;
 -3.431865536045809;
 -0.1848386371968262]


