每幅图像的标定误差：
第1幅图像的平均误差：0.0536839像素
第2幅图像的平均误差：0.0529809像素
第3幅图像的平均误差：0.0448074像素
第4幅图像的平均误差：0.0459373像素
第5幅图像的平均误差：0.0657214像素
第6幅图像的平均误差：0.0694376像素
第7幅图像的平均误差：0.0558141像素
第8幅图像的平均误差：0.0476142像素
总体平均误差：0.0544996像素

相机内参数矩阵：
[161.0744910712896, 0, 95.06931619805896;
 0, 160.1758612371083, 68.35332029639204;
 0, 0, 1]

畸变系数：
[0.1269545906465663, -0.2834219788970972, -0.0007703304242940219, 0.004035487186523186, -0.2176661411759646]


第1幅图像的旋转向量：
[-38.01853497509637;
 32.402552327768;
 110.5861648746222]
第1幅图像的旋转矩阵：
[-0.2478616608654357, -0.9573474595856184, -0.1484939012147992;
 0.7258222438554858, -0.2850256382571009, 0.6260530775107811;
 -0.6416748922917396, 0.04739437900315907, 0.7655110093534183]
第1幅图像的平移向量：
[-2.812580705091461;
 0.1000930785303005;
 0.1208712334227992]

第2幅图像的旋转向量：
[-37.43760515094192;
 24.80672857592304;
 90.87860482964643]
第2幅图像的旋转矩阵：
[0.713464811332289, -0.6969605686877417, 0.07220753897648602;
 0.6369881350710179, 0.6880797956352895, 0.3475518819072118;
 -0.2919145059248129, -0.2019706922624112, 0.9348763344409327]
第2幅图像的平移向量：
[3.112403997439393;
 0.1168456561099682;
 0.218190589464461]

第3幅图像的旋转向量：
[-35.57472279902541;
 31.06962053163909;
 100.3011390927477]
第3幅图像的旋转矩阵：
[-0.4476257803283195, 0.5691193050249401, -0.6897350052254796;
 -0.8593611171766489, -0.4870461283990588, 0.1558349739191736;
 -0.2472440718609147, 0.6624871964494232, 0.707093405053546]
第3幅图像的平移向量：
[3.130149619089468;
 -0.2283366559839813;
 -0.08584007851475928]

第4幅图像的旋转向量：
[-34.86006474571631;
 25.11442794765698;
 102.5056644129119]
第4幅图像的旋转矩阵：
[-0.236750911489244, 0.7589791003124221, -0.6065473857811596;
 -0.9534035232991874, -0.3016511284180929, -0.005321511513391053;
 -0.187004619380667, 0.577024541950373, 0.7950295279530533]
第4幅图像的平移向量：
[-3.081188586297934;
 0.0538711596508237;
 0.0935723757557063]

第5幅图像的旋转向量：
[-36.98719143231349;
 24.70157450851251;
 121.6483689442421]
第5幅图像的旋转矩阵：
[-0.6095548646056683, 0.5231501649281003, -0.5956146169892634;
 -0.7140262831069886, -0.6887226796261547, 0.1258075419082165;
 -0.3443970587388689, 0.5019710903072712, 0.7933572275007933]
第5幅图像的平移向量：
[-3.072721280899958;
 0.04031924864618371;
 0.2270155073035593]

第6幅图像的旋转向量：
[-39.41721488983138;
 22.61081583830013;
 92.00127806024628]
第6幅图像的旋转矩阵：
[-0.2686773417818988, -0.9084177580819892, -0.3202962110520591;
 0.6564613187332879, -0.4160293175483308, 0.6292679428885779;
 -0.7048907880090114, -0.04119203492864343, 0.7081187705734625]
第6幅图像的平移向量：
[3.10943108611814;
 0.06596292292251227;
 0.2027727752736731]

第7幅图像的旋转向量：
[-37.02928116962786;
 23.22149043192203;
 100.9291727879906]
第7幅图像的旋转矩阵：
[-0.7728779910852435, -0.1136035804955143, -0.6243026809125822;
 -0.1706520225082803, -0.9103867858769209, 0.3769267665137654;
 -0.6111771413509113, 0.3978569172444893, 0.6842312294033644]
第7幅图像的平移向量：
[3.002646754123998;
 -0.01726132143552497;
 -0.09290640003058759]

第8幅图像的旋转向量：
[-40.10857709790572;
 24.40169670566149;
 104.2131039108373]
第8幅图像的旋转矩阵：
[0.4386171059480602, -0.8986563580999108, -0.005637766965102514;
 0.8027338549193132, 0.3889633563621328, 0.452024186934597;
 -0.4040215248425845, -0.2027911671008115, 0.8919878642726948]
第8幅图像的平移向量：
[-2.923249926268274;
 0.05493726154450845;
 0.1316356678573423]


